0.379239  
0.406682  
0.142963  
-0.441023  
-1.07315  
-1.39679  
-1.26022  
-0.82082  
-0.383421  
-0.132334  
-0.0103919  
0.15772  
0.438858  
0.697848  
0.736055  
0.527088  
0.300264  
0.346343  
0.701583  
1.03749  
0.939737  
0.347567  
-0.305614  
-0.465236  
-0.0180203  
0.53972  
0.538561  
-0.226321  
-1.29031  
-1.94377  
-1.85406  
-1.27915  
-0.714513  
-0.381397  
-0.0899859  
0.423678  
1.08739  
1.47973  
1.2406  
0.47208  
-0.302795  
-0.59411  
-0.358088  
0.0196647  
0.108811  
-0.201958  
-0.672001  
-0.966554  
-0.946066  
-0.743515  
-0.582337  
-0.505017  
-0.288156  
0.326773  
1.27102  
2.05502  
2.1323  
1.42404  
0.446018  
-0.141601  
-0.131048  
0.101111  
0.0299056  
-0.495681  
-1.15867  
-1.51898  
-1.3966  
-0.955479  
-0.503051  
-0.225437  
-0.0689234  
0.160547  
0.55326  
0.925295  
0.937032  
0.460267  
-0.180585  
-0.435685  
-0.0749258  
0.54164  
0.812201  
0.508109  
-0.0401787  
-0.374608  
-0.417783  
-0.447724  
-0.620215  
-0.684796  
-0.279356  
0.55761  
1.29627  
1.3901  
0.796314  
-0.0142072  
-0.527605  
-0.615149  
-0.514272  
-0.48042  
-0.533266  
-0.531554  
-0.401642  
-0.212814  
-0.0483957  
0.105097  
0.283964  
0.414681  
0.34484  
0.0287668  
-0.373573  
-0.619444  
-0.571172  
-0.230556  
0.349334  
1.06954  
1.68633  
1.82876  
1.26031  
0.147864  
-1.00312  
-1.74121  
-1.98383  
-1.94178  
-1.78893  
-1.47408  
-0.847015  
0.100928  
1.16171  
2.04576  
2.55263  
2.62974  
2.32047  
1.69545  
0.826094  
-0.190301  
-1.18697  
-1.93124  
-2.22146  
-2.03368  
-1.57231  
-1.12701  
-0.828954  
-0.546767  
-0.0466619  
0.72017  
1.49194  
1.87  
1.65055  
1.0267  
0.47568  
0.386809  
0.707013  
0.932385  
0.531487  
-0.514992  
-1.59766  
-1.98355  
-1.48992  
-0.620479  
-0.00125919  
0.247561  
0.48582  
0.939048  
1.30046  
1.07695  
0.25638  
